coin 7664 341 0.1 0.1
coin 7463 92 0.1 0.1
coin 7412 90 0.1 0.1
coin 7213 227 0.1 0.1
coin 7000 325 0.1 0.1
coin 6824 243 0.1 0.1
coin 6670 229 0.1 0.1
coin 6493 154 0.1 0.1
coin 6272 -8.00001 0.1 0.1
coin 6040 86 0.1 0.1
coin 5873 -89 0.1 0.1
coin 5808 -89 0.1 0.1
coin 5763 -89 0.1 0.1
coin 5703 -89 0.1 0.1
coin 5658 -89 0.1 0.1
coin 5623 -89 0.1 0.1
coin 5588 -89 0.1 0.1
coin 5548 -89 0.1 0.1
coin 5488 -89 0.1 0.1
coin 5438 -89 0.1 0.1
coin 5388 -89 0.1 0.1
coin 5348 -89 0.1 0.1
coin 5303 -89 0.1 0.1
coin 5233 -89 0.1 0.1
coin 5178 -89 0.1 0.1
coin 5118 -89 0.1 0.1
coin 5058 -89 0.1 0.1
coin 5008 -89 0.1 0.1
coin 4849 29 0.1 0.1
coin 4703 126 0.1 0.1
coin 4593 -9.00002 0.1 0.1
coin 4450 -225 0.1 0.1
coin 4109 -220 0.1 0.1
coin 4255 -408 0.1 0.1
coin 3927 -148 0.1 0.1
coin 3724 -22 0.1 0.1
coin 3576 79 0.1 0.1
coin 3531 79 0.1 0.1
coin 3471 79 0.1 0.1
coin 3411 79 0.1 0.1
coin 3351 79 0.1 0.1
coin 3276 79 0.1 0.1
coin 3211 79 0.1 0.1
coin 3136 79 0.1 0.1
coin 3066 79 0.1 0.1
coin 3001 79 0.1 0.1
coin 2951 79 0.1 0.1
coin 2891 79 0.1 0.1
coin 2836 79 0.1 0.1
coin 2701 214 0.1 0.1
coin 2581 389 0.1 0.1
coin 2371 479 0.1 0.1
coin 2272 307 0.1 0.1
coin 2059 394 0.1 0.1
coin 1890 246 0.1 0.1
coin 1701 103 0.1 0.1
coin 1651 103 0.1 0.1
coin 1591 103 0.1 0.1
coin 1531 103 0.1 0.1
coin 1486 103 0.1 0.1
coin 1431 103 0.1 0.1
coin 1376 103 0.1 0.1
coin 1326 103 0.1 0.1
coin 1271 103 0.1 0.1
coin 1221 103 0.1 0.1
coin 1161 103 0.1 0.1
coin 1106 103 0.1 0.1
coin 1036 103 0.1 0.1
coin 901 178 0.1 0.1
coin 546 448 0.1 0.1
coin 678 330 0.1 0.1
coin 3944 -399 0.1 0.1
brick 553 513 0.7 0.7
brick 689 385 0.7 0.7
brick 897 242 0.7 0.7
brick 1023 153 0.7 0.7
brick 1058 153 0.7 0.7
brick 1093 153 0.7 0.7
brick 1118 153 0.7 0.7
brick 1158 153 0.7 0.7
brick 1123 153 0.7 0.7
brick 1178 153 0.7 0.7
brick 1213 153 0.7 0.7
brick 1253 153 0.7 0.7
brick 1223 153 0.7 0.7
brick 1298 153 0.7 0.7
brick 1268 153 0.7 0.7
brick 1343 153 0.7 0.7
brick 1323 153 0.7 0.7
brick 1383 153 0.7 0.7
brick 1363 153 0.7 0.7
brick 1418 153 0.7 0.7
brick 1443 153 0.7 0.7
brick 1483 153 0.7 0.7
brick 1453 153 0.7 0.7
brick 1508 153 0.7 0.7
brick 1533 153 0.7 0.7
brick 1563 153 0.7 0.7
brick 1593 153 0.7 0.7
brick 1623 153 0.7 0.7
brick 1648 153 0.7 0.7
brick 1678 153 0.7 0.7
brick 1713 153 0.7 0.7
brick 1901 299 0.7 0.7
brick 2063 452 0.7 0.7
brick 2369 544 0.7 0.7
brick 2282 354 0.7 0.7
brick 2583 440 0.7 0.7
brick 2705 273 0.7 0.7
brick 2852 131 0.7 0.7
brick 2882 131 0.7 0.7
brick 2917 131 0.7 0.7
brick 2942 131 0.7 0.7
brick 2972 131 0.7 0.7
brick 3001 131 0.7 0.7
brick 3036 131 0.7 0.7
brick 3061 131 0.7 0.7
brick 3091 131 0.7 0.7
brick 3116 131 0.7 0.7
brick 3141 131 0.7 0.7
brick 3166 131 0.7 0.7
brick 3191 131 0.7 0.7
brick 3216 131 0.7 0.7
brick 3236 131 0.7 0.7
brick 3266 131 0.7 0.7
brick 3296 131 0.7 0.7
brick 3326 131 0.7 0.7
brick 3351 131 0.7 0.7
brick 3386 131 0.7 0.7
brick 3406 131 0.7 0.7
brick 3431 131 0.7 0.7
brick 3466 131 0.7 0.7
brick 3536 131 0.7 0.7
brick 3506 131 0.7 0.7
brick 3506 131 0.7 0.7
brick 3476 131 0.7 0.7
brick 3561 131 0.7 0.7
brick 3566 131 0.7 0.7
brick 3601 131 0.7 0.7
brick 3730 35 0.7 0.7
brick 3933 -97 0.7 0.7
brick 4120 -163 0.7 0.7
brick 4259 -357 0.7 0.7
brick 4455 -167 0.7 0.7
brick 4599 43 0.7 0.7
brick 4708 177 0.7 0.7
brick 4853 82 0.7 0.7
brick 5029 -26 0.7 0.7
brick 5059 -25 0.7 0.7
brick 5089 -25 0.7 0.7
brick 5119 -25 0.7 0.7
brick 5139 -25 0.7 0.7
brick 5164 -25 0.7 0.7
brick 5199 -25 0.7 0.7
brick 5219 -25 0.7 0.7
brick 5250 -25 0.7 0.7
brick 5300 -25 0.7 0.7
brick 5270 -25 0.7 0.7
brick 5325 -25 0.7 0.7
brick 5355 -25 0.7 0.7
brick 5385 -25 0.7 0.7
brick 5415 -25 0.7 0.7
brick 5450 -25 0.7 0.7
brick 5485 -25 0.7 0.7
brick 5525 -25 0.7 0.7
brick 5500 -25 0.7 0.7
brick 5560 -25 0.7 0.7
brick 5580 -25 0.7 0.7
brick 5625 -25 0.7 0.7
brick 5611 -25 0.7 0.7
brick 5661 -25 0.7 0.7
brick 5641 -25 0.7 0.7
brick 5691 -25 0.7 0.7
brick 5721 -25 0.7 0.7
brick 5751 -25 0.7 0.7
brick 5776 -25 0.7 0.7
brick 5806 -25 0.7 0.7
brick 5826 -25 0.7 0.7
brick 5856 -25 0.7 0.7
brick 5891 -25 0.7 0.7
brick 6040 137 0.7 0.7
brick 6276 42 0.7 0.7
brick 6497 202 0.7 0.7
brick 6671 289 0.7 0.7
brick 6821 300 0.7 0.7
brick 7006 379 0.7 0.7
brick 7217 285 0.7 0.7
brick 7391 156 0.7 0.7
brick 7421 156 0.7 0.7
brick 7451 156 0.7 0.7
brick 7476 156 0.7 0.7
brick 7666 406 0.7 0.7
brick 3944 -338 0.7 0.7
enemy 703 606 1 1
enemy 1353 606 1 1
enemy 2043 606 1 1
enemy 2748 606 1 1
enemy 3063 606 1 1
enemy 3543 606 1 1
enemy 3983 606 1 1
enemy 4233 606 1 1
enemy 4713 606 1 1
enemy 5353 606 1 1
enemy 6048 606 1 1
enemy 6343 606 1 1
enemy 6758 606 1 1
enemy 7143 604 1 1
enemy 7415 603 1 1
