coin 7726 277 0.1 0.1
coin 7612 106 0.1 0.1
coin 7535 -108 0.1 0.1
coin 7380 -47 0.1 0.1
coin 7227 -132 0.1 0.1
coin 6925 -84 0.1 0.1
coin 6807 109 0.1 0.1
coin 7124 -354 0.1 0.1
coin 6935 -361 0.1 0.1
coin 6802 -205 0.1 0.1
coin 6572 130 0.1 0.1
coin 6452 -15 0.1 0.1
coin 6248 -155 0.1 0.1
coin 6077 -187 0.1 0.1
coin 5894 -14 0.1 0.1
coin 5703 65 0.1 0.1
coin 5499 -43 0.1 0.1
coin 5313 -116 0.1 0.1
coin 5133 -163 0.1 0.1
coin 4911 -311 0.1 0.1
coin 4696 -433 0.1 0.1
coin 4555 -555 0.1 0.1
coin 4397 -353 0.1 0.1
coin 4091 -500 0.1 0.1
coin 3917 -648 0.1 0.1
coin 3666 -738 0.1 0.1
coin 3495 -586 0.1 0.1
coin 3615 -423 0.1 0.1
coin 3317 -319 0.1 0.1
coin 3128 -488 0.1 0.1
coin 2942 -660 0.1 0.1
coin 2787 -489 0.1 0.1
coin 2628 -381 0.1 0.1
coin 2339 -506 0.1 0.1
coin 2178 -532 0.1 0.1
coin 1936 -585 0.1 0.1
coin 1755 -634 0.1 0.1
coin 1524 -558 0.1 0.1
coin 1288 -458 0.1 0.1
coin 1441 -321 0.1 0.1
coin 1667 -214 0.1 0.1
coin 1313 -93 0.1 0.1
coin 1330 204 0.1 0.1
coin 1134 71 0.1 0.1
coin 1058 306 0.1 0.1
coin 862 164 0.1 0.1
coin 650 300 0.1 0.1
coin 398 484 0.1 0.1
coin 1500 75 0.1 0.1
brick 408 535 0.7 0.7
brick 660 367 0.7 0.7
brick 868 221 0.7 0.7
brick 1066 363 0.7 0.7
brick 1158 119 0.7 0.7
brick 1344 260 0.7 0.7
brick 1323 -37 0.7 0.7
brick 1664 -159 0.7 0.7
brick 1449 -270 0.7 0.7
brick 1296 -405 0.7 0.7
brick 1533 -500 0.7 0.7
brick 1764 -578 0.7 0.7
brick 1939 -532 0.7 0.7
brick 2183 -467 0.7 0.7
brick 2354 -454 0.7 0.7
brick 2634 -331 0.7 0.7
brick 2798 -426 0.7 0.7
brick 2943 -614 0.7 0.7
brick 3133 -431 0.7 0.7
brick 3324 -272 0.7 0.7
brick 3621 -377 0.7 0.7
brick 3924 -595 0.7 0.7
brick 3495 -533 0.7 0.7
brick 3673 -693 0.7 0.7
brick 4104 -435 0.7 0.7
brick 4402 -299 0.7 0.7
brick 4564 -497 0.7 0.7
brick 4698 -384 0.7 0.7
brick 4922 -254 0.7 0.7
brick 5137 -117 0.7 0.7
brick 5317 -66 0.7 0.7
brick 5502 15 0.7 0.7
brick 5706 111 0.7 0.7
brick 5907 39 0.7 0.7
brick 6087 -139 0.7 0.7
brick 6257 -100 0.7 0.7
brick 6458 42 0.7 0.7
brick 6572 192 0.7 0.7
brick 6817 154 0.7 0.7
brick 6930 -30 0.7 0.7
brick 7128 -299 0.7 0.7
brick 6809 -155 0.7 0.7
brick 6942 -315 0.7 0.7
brick 7220 -84 0.7 0.7
brick 7385 5.99998 0.7 0.7
brick 7615 162 0.7 0.7
brick 7540 -56 0.7 0.7
brick 7730 335 0.7 0.7
brick 1502 129 0.7 0.7
enemy 661 605 1 1
enemy 886 605 1 1
enemy 1071 605 1 1
enemy 1281 605 1 1
enemy 1456 605 1 1
enemy 1636 605 1 1
enemy 1806 605 1 1
enemy 1996 605 1 1
enemy 2186 605 1 1
enemy 2371 605 1 1
enemy 2561 605 1 1
enemy 2736 605 1 1
enemy 2936 605 1 1
enemy 3131 605 1 1
enemy 3336 605 1 1
enemy 3531 605 1 1
enemy 3721 605 1 1
enemy 3911 605 1 1
enemy 4111 605 1 1
enemy 4306 605 1 1
enemy 4501 605 1 1
enemy 4661 605 1 1
enemy 4841 605 1 1
enemy 5026 605 1 1
enemy 5216 605 1 1
enemy 5416 605 1 1
enemy 5641 605 1 1
enemy 5806 605 1 1
enemy 6016 605 1 1
enemy 6226 605 1 1
enemy 6446 605 1 1
enemy 6641 605 1 1
enemy 6851 605 1 1
enemy 7041 605 1 1
enemy 7231 605 1 1
enemy 7446 605 1 1
enemy 7636 605 1 1
