coin 6890 156 0.1 0.1
coin 6960 156 0.1 0.1
coin 6725 261 0.1 0.1
coin 6545 386 0.1 0.1
coin 6490 386 0.1 0.1
coin 6430 386 0.1 0.1
coin 6385 386 0.1 0.1
coin 6340 386 0.1 0.1
coin 6295 386 0.1 0.1
coin 6245 386 0.1 0.1
coin 6200 386 0.1 0.1
coin 6145 386 0.1 0.1
coin 6090 386 0.1 0.1
coin 6045 386 0.1 0.1
coin 6005 386 0.1 0.1
coin 5960 386 0.1 0.1
coin 5920 386 0.1 0.1
coin 5659 283 0.1 0.1
coin 5611 285 0.1 0.1
coin 5566 285 0.1 0.1
coin 5516 285 0.1 0.1
coin 5476 285 0.1 0.1
coin 5431 285 0.1 0.1
coin 5226 380 0.1 0.1
coin 5176 380 0.1 0.1
coin 5021 85 0.1 0.1
coin 4806 165 0.1 0.1
coin 4766 165 0.1 0.1
coin 4701 165 0.1 0.1
coin 4656 165 0.1 0.1
coin 4596 165 0.1 0.1
coin 4551 165 0.1 0.1
coin 4496 165 0.1 0.1
coin 4446 165 0.1 0.1
coin 4411 165 0.1 0.1
coin 4371 165 0.1 0.1
coin 4321 165 0.1 0.1
coin 4276 165 0.1 0.1
coin 4221 165 0.1 0.1
coin 4176 165 0.1 0.1
coin 4126 165 0.1 0.1
coin 4081 165 0.1 0.1
coin 4031 165 0.1 0.1
coin 3986 165 0.1 0.1
coin 3941 165 0.1 0.1
coin 3891 165 0.1 0.1
coin 3856 165 0.1 0.1
coin 3676 218 0.1 0.1
coin 3153 407 0.1 0.1
coin 3208 407 0.1 0.1
coin 3278 407 0.1 0.1
coin 3323 407 0.1 0.1
coin 3403 407 0.1 0.1
coin 3468 407 0.1 0.1
coin 3533 407 0.1 0.1
coin 3613 407 0.1 0.1
coin 2778 292 0.1 0.1
coin 2358 292 0.1 0.1
coin 2008 402 0.1 0.1
coin 1943 402 0.1 0.1
coin 1898 402 0.1 0.1
coin 1853 402 0.1 0.1
coin 1818 402 0.1 0.1
coin 1773 402 0.1 0.1
coin 1723 402 0.1 0.1
coin 1663 402 0.1 0.1
coin 1613 402 0.1 0.1
coin 1348 127 0.1 0.1
coin 1298 127 0.1 0.1
coin 1238 127 0.1 0.1
coin 1183 127 0.1 0.1
coin 1138 127 0.1 0.1
coin 1083 127 0.1 0.1
coin 1043 127 0.1 0.1
coin 998 127 0.1 0.1
coin 933 127 0.1 0.1
coin 878 127 0.1 0.1
coin 588 297 0.1 0.1
coin 638 297 0.1 0.1
coin 718 457 0.1 0.1
coin 673 457 0.1 0.1
coin 623 457 0.1 0.1
coin 583 457 0.1 0.1
coin 533 457 0.1 0.1
coin 488 457 0.1 0.1
coin 443 457 0.1 0.1
coin 403 457 0.1 0.1
coin 7264 350 0.1 0.1
coin 7334 350 0.1 0.1
coin 7394 350 0.1 0.1
coin 7458 350 0.1 0.1
brick 390 512 0.7 0.7
brick 425 512 0.7 0.7
brick 450 512 0.7 0.7
brick 485 512 0.7 0.7
brick 520 512 0.7 0.7
brick 560 512 0.7 0.7
brick 545 512 0.7 0.7
brick 590 512 0.7 0.7
brick 620 512 0.7 0.7
brick 650 512 0.7 0.7
brick 680 512 0.7 0.7
brick 725 512 0.7 0.7
brick 700 512 0.7 0.7
brick 569 352 0.7 0.7
brick 599 352 0.7 0.7
brick 634 352 0.7 0.7
brick 859 182 0.7 0.7
brick 884 182 0.7 0.7
brick 914 182 0.7 0.7
brick 949 182 0.7 0.7
brick 984 182 0.7 0.7
brick 1024 182 0.7 0.7
brick 1009 182 0.7 0.7
brick 1059 182 0.7 0.7
brick 1094 182 0.7 0.7
brick 1134 182 0.7 0.7
brick 1114 182 0.7 0.7
brick 1174 182 0.7 0.7
brick 1154 182 0.7 0.7
brick 1199 182 0.7 0.7
brick 1229 182 0.7 0.7
brick 1264 182 0.7 0.7
brick 1304 182 0.7 0.7
brick 1279 182 0.7 0.7
brick 1339 182 0.7 0.7
brick 1594 452 0.7 0.7
brick 1639 452 0.7 0.7
brick 1619 452 0.7 0.7
brick 1664 452 0.7 0.7
brick 1694 452 0.7 0.7
brick 1729 452 0.7 0.7
brick 1769 452 0.7 0.7
brick 1758 453 0.7 0.7
brick 1783 453 0.7 0.7
brick 1813 453 0.7 0.7
brick 1843 453 0.7 0.7
brick 1878 453 0.7 0.7
brick 1903 453 0.7 0.7
brick 1933 453 0.7 0.7
brick 1963 453 0.7 0.7
brick 1973 453 0.7 0.7
brick 2018 453 0.7 0.7
brick 1998 453 0.7 0.7
brick 2328 343 0.7 0.7
brick 2358 343 0.7 0.7
brick 2758 343 0.7 0.7
brick 2788 343 0.7 0.7
brick 3133 468 0.7 0.7
brick 3163 468 0.7 0.7
brick 3208 468 0.7 0.7
brick 3178 468 0.7 0.7
brick 3233 468 0.7 0.7
brick 3268 468 0.7 0.7
brick 3293 468 0.7 0.7
brick 3333 468 0.7 0.7
brick 3313 468 0.7 0.7
brick 3368 468 0.7 0.7
brick 3403 468 0.7 0.7
brick 3448 468 0.7 0.7
brick 3428 468 0.7 0.7
brick 3478 468 0.7 0.7
brick 3508 468 0.7 0.7
brick 3543 468 0.7 0.7
brick 3588 468 0.7 0.7
brick 3553 468 0.7 0.7
brick 3658 273 0.7 0.7
brick 3688 273 0.7 0.7
brick 3863 218 0.7 0.7
brick 3888 218 0.7 0.7
brick 3918 218 0.7 0.7
brick 3948 218 0.7 0.7
brick 3978 218 0.7 0.7
brick 4008 218 0.7 0.7
brick 4053 218 0.7 0.7
brick 4033 218 0.7 0.7
brick 4078 218 0.7 0.7
brick 4103 218 0.7 0.7
brick 4138 218 0.7 0.7
brick 4168 218 0.7 0.7
brick 4203 218 0.7 0.7
brick 4233 218 0.7 0.7
brick 4268 218 0.7 0.7
brick 4303 218 0.7 0.7
brick 4333 218 0.7 0.7
brick 4373 218 0.7 0.7
brick 4363 218 0.7 0.7
brick 4408 218 0.7 0.7
brick 4438 218 0.7 0.7
brick 4473 218 0.7 0.7
brick 4508 218 0.7 0.7
brick 4533 218 0.7 0.7
brick 4568 218 0.7 0.7
brick 4603 218 0.7 0.7
brick 4638 218 0.7 0.7
brick 4668 218 0.7 0.7
brick 4703 218 0.7 0.7
brick 4738 218 0.7 0.7
brick 4773 218 0.7 0.7
brick 4803 218 0.7 0.7
brick 5138 438 0.7 0.7
brick 5168 438 0.7 0.7
brick 5198 438 0.7 0.7
brick 5238 438 0.7 0.7
brick 5213 438 0.7 0.7
brick 5018 148 0.7 0.7
brick 5423 343 0.7 0.7
brick 5463 343 0.7 0.7
brick 5438 343 0.7 0.7
brick 5488 343 0.7 0.7
brick 5523 344 0.7 0.7
brick 5558 344 0.7 0.7
brick 5593 344 0.7 0.7
brick 5623 344 0.7 0.7
brick 5668 344 0.7 0.7
brick 5663 344 0.7 0.7
brick 5648 344 0.7 0.7
brick 5938 446 0.7 0.7
brick 5973 446 0.7 0.7
brick 5993 446 0.7 0.7
brick 6033 446 0.7 0.7
brick 6018 446 0.7 0.7
brick 6058 446 0.7 0.7
brick 6088 446 0.7 0.7
brick 6138 446 0.7 0.7
brick 6113 446 0.7 0.7
brick 6173 446 0.7 0.7
brick 6208 446 0.7 0.7
brick 6238 446 0.7 0.7
brick 6273 446 0.7 0.7
brick 6314 446 0.7 0.7
brick 6289 446 0.7 0.7
brick 6354 446 0.7 0.7
brick 6334 447 0.7 0.7
brick 6369 447 0.7 0.7
brick 6409 447 0.7 0.7
brick 6384 447 0.7 0.7
brick 6434 447 0.7 0.7
brick 6469 447 0.7 0.7
brick 6504 447 0.7 0.7
brick 6534 447 0.7 0.7
brick 6709 307 0.7 0.7
brick 6749 307 0.7 0.7
brick 6724 307 0.7 0.7
brick 6884 212 0.7 0.7
brick 6924 212 0.7 0.7
brick 6889 212 0.7 0.7
brick 6959 213 0.7 0.7
brick 6999 213 0.7 0.7
brick 6974 213 0.7 0.7
brick 7242 402 0.7 0.7
brick 7282 402 0.7 0.7
brick 7262 402 0.7 0.7
brick 7307 402 0.7 0.7
brick 7342 402 0.7 0.7
brick 7377 402 0.7 0.7
brick 7422 402 0.7 0.7
brick 7397 402 0.7 0.7
brick 7462 402 0.7 0.7
brick 7462 402 0.7 0.7
brick 7427 402 0.7 0.7
enemy 1377 636 1 1
enemy 2648 642 1 1
enemy 2353 642 1 1
enemy 3143 642 1 1
enemy 3798 642 1 1
enemy 4313 642 1 1
enemy 4743 642 1 1
enemy 5158 642 1 1
enemy 5503 642 1 1
enemy 6053 642 1 1
enemy 6423 642 1 1
enemy 6993 642 1 1
