coin 334 275 0.1 0.1
coin 316 418 0.1 0.1
coin 386 418 0.1 0.1
coin 446 418 0.1 0.1
coin 531 418 0.1 0.1
coin 598 251 0.1 0.1
coin 648 251 0.1 0.1
coin 707 247 0.1 0.1
coin 896 270 0.1 0.1
coin 1095 147 0.1 0.1
coin 1245 149 0.1 0.1
coin 1454 223 0.1 0.1
coin 1553 188 0.1 0.1
coin 1837 234 0.1 0.1
coin 1932 234 0.1 0.1
coin 1882 234 0.1 0.1
coin 2017 234 0.1 0.1
coin 1977 234 0.1 0.1
coin 2082 234 0.1 0.1
coin 2307 314 0.1 0.1
coin 2452 249 0.1 0.1
coin 2607 324 0.1 0.1
coin 2657 324 0.1 0.1
coin 2717 324 0.1 0.1
coin 3102 354 0.1 0.1
coin 3323 287 0.1 0.1
coin 3452 226 0.1 0.1
coin 3586 145 0.1 0.1
coin 4101 -126 0.1 0.1
coin 3918 -7 0.1 0.1
coin 3796 94 0.1 0.1
coin 4205 17 0.1 0.1
coin 4360 156 0.1 0.1
coin 4507 272 0.1 0.1
coin 4658 154 0.1 0.1
coin 4733 154 0.1 0.1
coin 4808 154 0.1 0.1
coin 4923 154 0.1 0.1
coin 5073 154 0.1 0.1
coin 5188 154 0.1 0.1
coin 5103 154 0.1 0.1
coin 5153 154 0.1 0.1
coin 5033 154 0.1 0.1
coin 4993 154 0.1 0.1
coin 4958 154 0.1 0.1
coin 4878 154 0.1 0.1
coin 4838 154 0.1 0.1
coin 5338 242 0.1 0.1
coin 5481 333 0.1 0.1
coin 5687 246 0.1 0.1
coin 5835 327 0.1 0.1
coin 5983 266 0.1 0.1
coin 6096 351 0.1 0.1
coin 6149 353 0.1 0.1
coin 6213 362 0.1 0.1
coin 6340 265 0.1 0.1
coin 6472 342 0.1 0.1
coin 6532 342 0.1 0.1
coin 6582 342 0.1 0.1
coin 6642 342 0.1 0.1
coin 6712 342 0.1 0.1
coin 6920 211 0.1 0.1
coin 7057 219 0.1 0.1
coin 7275 353 0.1 0.1
coin 7335 353 0.1 0.1
coin 7390 353 0.1 0.1
brick 7268 406 0.7 0.7
brick 7303 406 0.7 0.7
brick 7338 406 0.7 0.7
brick 7368 406 0.7 0.7
brick 7403 406 0.7 0.7
brick 7063 271 0.7 0.7
brick 6923 271 0.7 0.7
brick 6743 398 0.7 0.7
brick 6723 398 0.7 0.7
brick 6698 398 0.7 0.7
brick 6673 398 0.7 0.7
brick 6633 398 0.7 0.7
brick 6658 398 0.7 0.7
brick 6588 398 0.7 0.7
brick 6638 398 0.7 0.7
brick 6603 398 0.7 0.7
brick 6558 398 0.7 0.7
brick 6523 398 0.7 0.7
brick 6493 398 0.7 0.7
brick 6458 398 0.7 0.7
brick 6343 313 0.7 0.7
brick 6213 408 0.7 0.7
brick 6188 408 0.7 0.7
brick 6158 408 0.7 0.7
brick 6128 408 0.7 0.7
brick 6093 408 0.7 0.7
brick 6094 410 0.7 0.7
brick 5989 308 0.7 0.7
brick 5837 378 0.7 0.7
brick 5689 300 0.7 0.7
brick 5479 386 0.7 0.7
brick 5348 292 0.7 0.7
brick 5226 210 0.7 0.7
brick 5201 210 0.7 0.7
brick 5181 210 0.7 0.7
brick 5156 210 0.7 0.7
brick 5126 210 0.7 0.7
brick 5096 210 0.7 0.7
brick 5076 210 0.7 0.7
brick 5036 210 0.7 0.7
brick 5071 210 0.7 0.7
brick 5016 210 0.7 0.7
brick 4986 210 0.7 0.7
brick 4951 210 0.7 0.7
brick 4921 210 0.7 0.7
brick 4886 210 0.7 0.7
brick 4861 210 0.7 0.7
brick 4831 210 0.7 0.7
brick 4806 210 0.7 0.7
brick 4771 210 0.7 0.7
brick 4741 210 0.7 0.7
brick 4711 210 0.7 0.7
brick 4676 210 0.7 0.7
brick 4661 210 0.7 0.7
brick 4517 323 0.7 0.7
brick 4369 211 0.7 0.7
brick 4199 72 0.7 0.7
brick 4096 -64 0.7 0.7
brick 3918 53 0.7 0.7
brick 3790 151 0.7 0.7
brick 3626 192 0.7 0.7
brick 3596 192 0.7 0.7
brick 3586 192 0.7 0.7
brick 3551 192 0.7 0.7
brick 3450 282 0.7 0.7
brick 3329 346 0.7 0.7
brick 3092 414 0.7 0.7
brick 2944 360 0.7 0.7
brick 2823 337 0.7 0.7
brick 2714 388 0.7 0.7
brick 2684 388 0.7 0.7
brick 2659 388 0.7 0.7
brick 2619 388 0.7 0.7
brick 2599 388 0.7 0.7
brick 2645 388 0.7 0.7
brick 2455 321 0.7 0.7
brick 2313 382 0.7 0.7
brick 2119 286 0.7 0.7
brick 2089 286 0.7 0.7
brick 2064 286 0.7 0.7
brick 2029 286 0.7 0.7
brick 2009 286 0.7 0.7
brick 1969 286 0.7 0.7
brick 1959 286 0.7 0.7
brick 1924 286 0.7 0.7
brick 1894 286 0.7 0.7
brick 1849 286 0.7 0.7
brick 1889 286 0.7 0.7
brick 1859 286 0.7 0.7
brick 2004 286 0.7 0.7
brick 1834 286 0.7 0.7
brick 1559 246 0.7 0.7
brick 1459 291 0.7 0.7
brick 1249 211 0.7 0.7
brick 1099 211 0.7 0.7
brick 899 321 0.7 0.7
brick 704 316 0.7 0.7
brick 674 316 0.7 0.7
brick 649 316 0.7 0.7
brick 624 316 0.7 0.7
brick 589 316 0.7 0.7
brick 375 468 0.7 0.7
brick 350 468 0.7 0.7
brick 325 468 0.7 0.7
brick 300 468 0.7 0.7
brick 410 468 0.7 0.7
brick 455 468 0.7 0.7
brick 435 468 0.7 0.7
brick 500 468 0.7 0.7
brick 470 468 0.7 0.7
brick 530 468 0.7 0.7
brick 560 468 0.7 0.7
brick 336 330 0.7 0.7
brick 3975 280 0.7 0.7
brick 4010 280 0.7 0.7
brick 4040 280 0.7 0.7
brick 4080 280 0.7 0.7
brick 4045 280 0.7 0.7
brick 4100 280 0.7 0.7
brick 4140 280 0.7 0.7
brick 4105 280 0.7 0.7
brick 4180 280 0.7 0.7
brick 4140 280 0.7 0.7
brick 4185 280 0.7 0.7
brick 4150 280 0.7 0.7
brick 4195 280 0.7 0.7
brick 4225 280 0.7 0.7
brick 4250 280 0.7 0.7
enemy 802 550 1 1
enemy 1289 542 1 1
enemy 1659 542 1 1
enemy 1829 542 1 1
enemy 2264 542 1 1
enemy 2344 542 1 1
enemy 2689 542 1 1
enemy 2814 542 1 1
enemy 3209 542 1 1
enemy 3324 542 1 1
enemy 3714 542 1 1
enemy 3789 542 1 1
enemy 4274 542 1 1
enemy 4464 542 1 1
enemy 4929 542 1 1
enemy 5174 542 1 1
enemy 5509 542 1 1
enemy 5844 542 1 1
enemy 6079 542 1 1
enemy 6144 542 1 1
enemy 6514 542 1 1
enemy 6583 542 1 1
enemy 6653 542 1 1
enemy 7293 533 1 1
