coin 7553 327 0.1 0.1
coin 6955 172 0.1 0.1
coin 7034 173 0.1 0.1
coin 7114 173 0.1 0.1
coin 7174 173 0.1 0.1
coin 7244 173 0.1 0.1
coin 7304 173 0.1 0.1
coin 7374 173 0.1 0.1
coin 6774 54 0.1 0.1
coin 6562 49 0.1 0.1
coin 6377 133 0.1 0.1
coin 6327 133 0.1 0.1
coin 6262 133 0.1 0.1
coin 6217 133 0.1 0.1
coin 6167 133 0.1 0.1
coin 6127 133 0.1 0.1
coin 6082 133 0.1 0.1
coin 6047 133 0.1 0.1
coin 6007 133 0.1 0.1
coin 5962 133 0.1 0.1
coin 5917 133 0.1 0.1
coin 5862 133 0.1 0.1
coin 5812 133 0.1 0.1
coin 5657 228 0.1 0.1
coin 5490 338 0.1 0.1
coin 5287 462 0.1 0.1
coin 5252 462 0.1 0.1
coin 5197 462 0.1 0.1
coin 5152 462 0.1 0.1
coin 5102 462 0.1 0.1
coin 5052 462 0.1 0.1
coin 5017 462 0.1 0.1
coin 4826 324 0.1 0.1
coin 4781 324 0.1 0.1
coin 4736 324 0.1 0.1
coin 4696 324 0.1 0.1
coin 4641 324 0.1 0.1
coin 4596 324 0.1 0.1
coin 4546 324 0.1 0.1
coin 4501 324 0.1 0.1
coin 4138 -95 0.1 0.1
coin 3951 14 0.1 0.1
coin 4414 -193 0.1 0.1
coin 4379 -193 0.1 0.1
coin 4329 -193 0.1 0.1
coin 4274 -193 0.1 0.1
coin 3707 119 0.1 0.1
coin 3762 119 0.1 0.1
coin 3517 249 0.1 0.1
coin 3366 342 0.1 0.1
coin 3196 431 0.1 0.1
coin 3141 431 0.1 0.1
coin 3086 431 0.1 0.1
coin 3051 431 0.1 0.1
coin 3001 431 0.1 0.1
coin 2946 431 0.1 0.1
coin 2901 431 0.1 0.1
coin 2656 291 0.1 0.1
coin 2606 291 0.1 0.1
coin 2551 291 0.1 0.1
coin 2501 291 0.1 0.1
coin 2461 291 0.1 0.1
coin 2416 291 0.1 0.1
coin 2206 156 0.1 0.1
coin 2181 156 0.1 0.1
coin 1748 -44 0.1 0.1
coin 1501 35 0.1 0.1
coin 1957 227 0.1 0.1
coin 1377 161 0.1 0.1
coin 1446 161 0.1 0.1
coin 1506 161 0.1 0.1
coin 1576 161 0.1 0.1
coin 1166 331 0.1 0.1
coin 1121 331 0.1 0.1
coin 1071 331 0.1 0.1
coin 1026 331 0.1 0.1
coin 893 187 0.1 0.1
coin 773 277 0.1 0.1
coin 728 277 0.1 0.1
coin 678 277 0.1 0.1
coin 523 397 0.1 0.1
coin 463 397 0.1 0.1
brick 898 236 0.7 0.7
brick 447 449 0.7 0.7
brick 477 449 0.7 0.7
brick 507 449 0.7 0.7
brick 537 449 0.7 0.7
brick 664 323 0.7 0.7
brick 694 323 0.7 0.7
brick 724 323 0.7 0.7
brick 749 323 0.7 0.7
brick 774 323 0.7 0.7
brick 1009 388 0.7 0.7
brick 1039 388 0.7 0.7
brick 1069 388 0.7 0.7
brick 1104 388 0.7 0.7
brick 1139 388 0.7 0.7
brick 1179 388 0.7 0.7
brick 1149 388 0.7 0.7
brick 1374 233 0.7 0.7
brick 1424 233 0.7 0.7
brick 1394 233 0.7 0.7
brick 1444 233 0.7 0.7
brick 1484 233 0.7 0.7
brick 1464 233 0.7 0.7
brick 1509 233 0.7 0.7
brick 1544 233 0.7 0.7
brick 1574 233 0.7 0.7
brick 1493 81 0.7 0.7
brick 1732 6.99998 0.7 0.7
brick 1764 6.99998 0.7 0.7
brick 1762 286 0.7 0.7
brick 1792 286 0.7 0.7
brick 1807 286 0.7 0.7
brick 1832 286 0.7 0.7
brick 1879 286 0.7 0.7
brick 1854 286 0.7 0.7
brick 1899 286 0.7 0.7
brick 1929 286 0.7 0.7
brick 1959 286 0.7 0.7
brick 1997 287 0.7 0.7
brick 1982 287 0.7 0.7
brick 2179 210 0.7 0.7
brick 2211 210 0.7 0.7
brick 2402 353 0.7 0.7
brick 2432 353 0.7 0.7
brick 2467 353 0.7 0.7
brick 2502 353 0.7 0.7
brick 2537 353 0.7 0.7
brick 2567 353 0.7 0.7
brick 2597 353 0.7 0.7
brick 2632 353 0.7 0.7
brick 2662 354 0.7 0.7
brick 2882 480 0.7 0.7
brick 2912 480 0.7 0.7
brick 2942 480 0.7 0.7
brick 2972 480 0.7 0.7
brick 2997 480 0.7 0.7
brick 3032 480 0.7 0.7
brick 3062 480 0.7 0.7
brick 3092 480 0.7 0.7
brick 3127 480 0.7 0.7
brick 3172 480 0.7 0.7
brick 3137 480 0.7 0.7
brick 3202 480 0.7 0.7
brick 3372 395 0.7 0.7
brick 3512 305 0.7 0.7
brick 3697 175 0.7 0.7
brick 3732 175 0.7 0.7
brick 3772 175 0.7 0.7
brick 3747 175 0.7 0.7
brick 3952 65 0.7 0.7
brick 4136 -46 0.7 0.7
brick 4255 -147 0.7 0.7
brick 4285 -147 0.7 0.7
brick 4320 -147 0.7 0.7
brick 4355 -147 0.7 0.7
brick 4390 -147 0.7 0.7
brick 4420 -147 0.7 0.7
brick 3997 321 0.7 0.7
brick 4027 321 0.7 0.7
brick 4062 321 0.7 0.7
brick 4097 321 0.7 0.7
brick 4137 321 0.7 0.7
brick 4122 321 0.7 0.7
brick 4172 321 0.7 0.7
brick 4212 321 0.7 0.7
brick 4182 321 0.7 0.7
brick 4227 321 0.7 0.7
brick 4277 321 0.7 0.7
brick 4247 321 0.7 0.7
brick 4509 380 0.7 0.7
brick 4549 380 0.7 0.7
brick 4524 380 0.7 0.7
brick 4569 380 0.7 0.7
brick 4604 380 0.7 0.7
brick 4639 380 0.7 0.7
brick 4684 380 0.7 0.7
brick 4659 380 0.7 0.7
brick 4724 380 0.7 0.7
brick 4699 380 0.7 0.7
brick 4759 380 0.7 0.7
brick 4799 380 0.7 0.7
brick 4775 381 0.7 0.7
brick 4825 381 0.7 0.7
brick 5023 512 0.7 0.7
brick 5063 512 0.7 0.7
brick 5043 512 0.7 0.7
brick 5088 512 0.7 0.7
brick 5118 512 0.7 0.7
brick 5143 512 0.7 0.7
brick 5173 512 0.7 0.7
brick 5208 512 0.7 0.7
brick 5238 512 0.7 0.7
brick 5278 512 0.7 0.7
brick 5253 512 0.7 0.7
brick 5298 512 0.7 0.7
brick 5489 391 0.7 0.7
brick 5666 286 0.7 0.7
brick 5818 192 0.7 0.7
brick 5858 192 0.7 0.7
brick 5833 192 0.7 0.7
brick 5886 191 0.7 0.7
brick 5916 191 0.7 0.7
brick 5946 191 0.7 0.7
brick 5976 191 0.7 0.7
brick 6016 191 0.7 0.7
brick 6001 192 0.7 0.7
brick 6041 192 0.7 0.7
brick 6076 192 0.7 0.7
brick 6111 192 0.7 0.7
brick 6141 192 0.7 0.7
brick 6186 192 0.7 0.7
brick 6166 192 0.7 0.7
brick 6217 193 0.7 0.7
brick 6247 193 0.7 0.7
brick 6287 193 0.7 0.7
brick 6257 193 0.7 0.7
brick 6308 193 0.7 0.7
brick 6338 193 0.7 0.7
brick 6373 193 0.7 0.7
brick 6555 98 0.7 0.7
brick 6776 105 0.7 0.7
brick 6945 221 0.7 0.7
brick 6975 221 0.7 0.7
brick 7015 221 0.7 0.7
brick 6985 221 0.7 0.7
brick 7025 221 0.7 0.7
brick 7065 221 0.7 0.7
brick 7035 221 0.7 0.7
brick 7090 221 0.7 0.7
brick 7140 221 0.7 0.7
brick 7105 221 0.7 0.7
brick 7155 221 0.7 0.7
brick 7190 221 0.7 0.7
brick 7210 221 0.7 0.7
brick 7260 221 0.7 0.7
brick 7235 221 0.7 0.7
brick 7285 221 0.7 0.7
brick 7320 221 0.7 0.7
brick 7365 221 0.7 0.7
brick 7340 221 0.7 0.7
brick 7563 380 0.7 0.7
enemy 743 517 1 1
enemy 1058 517 1 1
enemy 1303 517 1 1
enemy 1588 517 1 1
enemy 1863 517 1 1
enemy 2168 517 1 1
enemy 2473 517 1 1
enemy 2768 517 1 1
enemy 3553 517 1 1
enemy 3893 517 1 1
enemy 4318 517 1 1
enemy 4633 517 1 1
enemy 5103 592 1 1
enemy 5628 522 1 1
enemy 5823 482 1 1
enemy 6178 482 1 1
enemy 6548 482 1 1
enemy 6833 482 1 1
enemy 7108 482 1 1
enemy 7553 482 1 1
