coin 7745 437 0.1 0.1
coin 7635 222 0.1 0.1
coin 7476 151 0.1 0.1
coin 7240 253 0.1 0.1
coin 7036 129 0.1 0.1
coin 6853 256 0.1 0.1
coin 6712 289 0.1 0.1
coin 6584 419 0.1 0.1
coin 6342 237 0.1 0.1
coin 6122 236 0.1 0.1
coin 5929 207 0.1 0.1
coin 5752 259 0.1 0.1
coin 5555 119 0.1 0.1
coin 5384 224 0.1 0.1
coin 5154 174 0.1 0.1
coin 4895 243 0.1 0.1
coin 4718 121 0.1 0.1
coin 4551 -13 0.1 0.1
coin 4435 -165 0.1 0.1
coin 4158 -272 0.1 0.1
coin 3985 -365 0.1 0.1
coin 3963 -559 0.1 0.1
coin 3653 -653 0.1 0.1
coin 3383 -585 0.1 0.1
coin 3443 -435 0.1 0.1
coin 3672 -321 0.1 0.1
coin 3426 -148 0.1 0.1
coin 3301 9 0.1 0.1
coin 3123 121 0.1 0.1
coin 2970 232 0.1 0.1
coin 2774 113 0.1 0.1
coin 2628 338 0.1 0.1
coin 2315 194 0.1 0.1
coin 2038 332 0.1 0.1
coin 1846 133 0.1 0.1
coin 1613 69 0.1 0.1
coin 1438 217 0.1 0.1
coin 1341 419 0.1 0.1
coin 1084 308 0.1 0.1
coin 789 160 0.1 0.1
coin 609 313 0.1 0.1
coin 401 483 0.1 0.1
brick 1085 372 0.7 0.7
brick 410 535 0.7 0.7
brick 622 373 0.7 0.7
brick 786 213 0.7 0.7
brick 1341 477 0.7 0.7
brick 1440 283 0.7 0.7
brick 1613 119 0.7 0.7
brick 1856 197 0.7 0.7
brick 2036 396 0.7 0.7
brick 2325 240 0.7 0.7
brick 2633 388 0.7 0.7
brick 2782 164 0.7 0.7
brick 3133 179 0.7 0.7
brick 2978 290 0.7 0.7
brick 3427 -93 0.7 0.7
brick 3299 64 0.7 0.7
brick 3677 -256 0.7 0.7
brick 3452 -378 0.7 0.7
brick 3657 -604 0.7 0.7
brick 3390 -539 0.7 0.7
brick 3969 -501 0.7 0.7
brick 3993 -310 0.7 0.7
brick 4169 -198 0.7 0.7
brick 4430 -120 0.7 0.7
brick 4556 44 0.7 0.7
brick 4716 169 0.7 0.7
brick 4901 304 0.7 0.7
brick 5163 236 0.7 0.7
brick 5389 295 0.7 0.7
brick 5564 170 0.7 0.7
brick 5749 328 0.7 0.7
brick 5926 258 0.7 0.7
brick 6122 290 0.7 0.7
brick 6352 295 0.7 0.7
brick 6594 466 0.7 0.7
brick 6866 315 0.7 0.7
brick 6716 342 0.7 0.7
brick 7045 179 0.7 0.7
brick 7244 309 0.7 0.7
brick 7481 209 0.7 0.7
brick 7633 281 0.7 0.7
brick 7751 499 0.7 0.7
