coin 557 427 0.1 0.1
coin 632 427 0.1 0.1
coin 707 427 0.1 0.1
coin 777 427 0.1 0.1
coin 847 427 0.1 0.1
coin 927 427 0.1 0.1
coin 997 427 0.1 0.1
coin 1297 307 0.1 0.1
coin 1357 307 0.1 0.1
coin 1422 307 0.1 0.1
coin 1477 307 0.1 0.1
coin 1532 307 0.1 0.1
coin 1587 307 0.1 0.1
coin 1657 307 0.1 0.1
coin 1732 307 0.1 0.1
coin 1947 382 0.1 0.1
coin 2112 462 0.1 0.1
coin 2182 462 0.1 0.1
coin 2252 462 0.1 0.1
coin 2322 462 0.1 0.1
coin 2402 462 0.1 0.1
coin 2702 354 0.1 0.1
coin 2903 262 0.1 0.1
coin 3096 170 0.1 0.1
coin 3183 167 0.1 0.1
coin 3253 167 0.1 0.1
coin 3323 167 0.1 0.1
coin 3393 167 0.1 0.1
coin 3478 167 0.1 0.1
coin 3854 264 0.1 0.1
coin 4086 392 0.1 0.1
coin 4342 459 0.1 0.1
coin 4417 459 0.1 0.1
coin 4482 459 0.1 0.1
coin 4542 459 0.1 0.1
coin 4592 459 0.1 0.1
coin 4657 459 0.1 0.1
coin 4722 459 0.1 0.1
coin 4782 459 0.1 0.1
coin 4862 459 0.1 0.1
coin 5112 324 0.1 0.1
coin 5274 241 0.1 0.1
coin 5540 112 0.1 0.1
coin 5655 112 0.1 0.1
coin 5610 112 0.1 0.1
coin 5715 112 0.1 0.1
coin 5765 112 0.1 0.1
coin 5825 112 0.1 0.1
coin 5880 112 0.1 0.1
coin 5940 112 0.1 0.1
coin 6146 274 0.1 0.1
coin 6423 346 0.1 0.1
coin 6498 346 0.1 0.1
coin 6558 346 0.1 0.1
coin 6613 346 0.1 0.1
coin 6668 346 0.1 0.1
coin 6738 346 0.1 0.1
coin 6798 346 0.1 0.1
coin 7048 436 0.1 0.1
coin 7108 436 0.1 0.1
coin 7148 436 0.1 0.1
coin 7213 436 0.1 0.1
coin 7263 436 0.1 0.1
coin 7318 436 0.1 0.1
brick 543 481 0.7 0.7
brick 569 481 0.7 0.7
brick 594 481 0.7 0.7
brick 619 481 0.7 0.7
brick 654 481 0.7 0.7
brick 684 481 0.7 0.7
brick 704 481 0.7 0.7
brick 739 481 0.7 0.7
brick 774 481 0.7 0.7
brick 809 481 0.7 0.7
brick 854 481 0.7 0.7
brick 829 481 0.7 0.7
brick 879 481 0.7 0.7
brick 919 481 0.7 0.7
brick 919 481 0.7 0.7
brick 919 481 0.7 0.7
brick 894 481 0.7 0.7
brick 959 481 0.7 0.7
brick 934 481 0.7 0.7
brick 999 481 0.7 0.7
brick 974 481 0.7 0.7
brick 1039 481 0.7 0.7
brick 1009 481 0.7 0.7
brick 1274 376 0.7 0.7
brick 1319 376 0.7 0.7
brick 1294 376 0.7 0.7
brick 1344 376 0.7 0.7
brick 1369 376 0.7 0.7
brick 1404 376 0.7 0.7
brick 1434 376 0.7 0.7
brick 1479 376 0.7 0.7
brick 1474 376 0.7 0.7
brick 1449 376 0.7 0.7
brick 1514 376 0.7 0.7
brick 1554 376 0.7 0.7
brick 1534 376 0.7 0.7
brick 1584 376 0.7 0.7
brick 1619 376 0.7 0.7
brick 1654 376 0.7 0.7
brick 1689 376 0.7 0.7
brick 1729 376 0.7 0.7
brick 1699 376 0.7 0.7
brick 2089 511 0.7 0.7
brick 2124 511 0.7 0.7
brick 2159 511 0.7 0.7
brick 2194 511 0.7 0.7
brick 2249 511 0.7 0.7
brick 2234 511 0.7 0.7
brick 2204 511 0.7 0.7
brick 2274 511 0.7 0.7
brick 2314 511 0.7 0.7
brick 2289 511 0.7 0.7
brick 2349 511 0.7 0.7
brick 2384 511 0.7 0.7
brick 2419 511 0.7 0.7
brick 2459 511 0.7 0.7
brick 2434 511 0.7 0.7
brick 2709 406 0.7 0.7
brick 2904 316 0.7 0.7
brick 3094 221 0.7 0.7
brick 3144 221 0.7 0.7
brick 3109 221 0.7 0.7
brick 3169 221 0.7 0.7
brick 3204 221 0.7 0.7
brick 3229 221 0.7 0.7
brick 3259 221 0.7 0.7
brick 3299 221 0.7 0.7
brick 3279 221 0.7 0.7
brick 3329 221 0.7 0.7
brick 3374 221 0.7 0.7
brick 3344 221 0.7 0.7
brick 3409 221 0.7 0.7
brick 3444 221 0.7 0.7
brick 3484 221 0.7 0.7
brick 3459 221 0.7 0.7
brick 3849 316 0.7 0.7
brick 4089 441 0.7 0.7
brick 4334 516 0.7 0.7
brick 4379 516 0.7 0.7
brick 4349 516 0.7 0.7
brick 4394 516 0.7 0.7
brick 4429 516 0.7 0.7
brick 4469 516 0.7 0.7
brick 4449 516 0.7 0.7
brick 4499 516 0.7 0.7
brick 4539 516 0.7 0.7
brick 4514 516 0.7 0.7
brick 4564 516 0.7 0.7
brick 4599 516 0.7 0.7
brick 4639 516 0.7 0.7
brick 4604 516 0.7 0.7
brick 4664 516 0.7 0.7
brick 4699 516 0.7 0.7
brick 4724 516 0.7 0.7
brick 4764 516 0.7 0.7
brick 4739 516 0.7 0.7
brick 4779 516 0.7 0.7
brick 4819 516 0.7 0.7
brick 4801 516 0.7 0.7
brick 4841 516 0.7 0.7
brick 4881 516 0.7 0.7
brick 4856 516 0.7 0.7
brick 5111 391 0.7 0.7
brick 5276 301 0.7 0.7
brick 5521 176 0.7 0.7
brick 5556 176 0.7 0.7
brick 5586 176 0.7 0.7
brick 5626 176 0.7 0.7
brick 5616 176 0.7 0.7
brick 5666 176 0.7 0.7
brick 5641 176 0.7 0.7
brick 5696 176 0.7 0.7
brick 5736 176 0.7 0.7
brick 5716 176 0.7 0.7
brick 5766 176 0.7 0.7
brick 5811 176 0.7 0.7
brick 5786 176 0.7 0.7
brick 5821 176 0.7 0.7
brick 5856 176 0.7 0.7
brick 5886 176 0.7 0.7
brick 5931 176 0.7 0.7
brick 5916 176 0.7 0.7
brick 7041 496 0.7 0.7
brick 7076 496 0.7 0.7
brick 7106 496 0.7 0.7
brick 7141 496 0.7 0.7
brick 7181 496 0.7 0.7
brick 7156 496 0.7 0.7
brick 7206 496 0.7 0.7
brick 7231 496 0.7 0.7
brick 7271 496 0.7 0.7
brick 7251 496 0.7 0.7
brick 7311 496 0.7 0.7
brick 7246 496 0.7 0.7
brick 7291 496 0.7 0.7
brick 6811 406 0.7 0.7
brick 6761 406 0.7 0.7
brick 6796 406 0.7 0.7
brick 6731 406 0.7 0.7
brick 6696 406 0.7 0.7
brick 6671 406 0.7 0.7
brick 6646 406 0.7 0.7
brick 6606 406 0.7 0.7
brick 6636 406 0.7 0.7
brick 6581 406 0.7 0.7
brick 6566 406 0.7 0.7
brick 6551 406 0.7 0.7
brick 6526 406 0.7 0.7
brick 6496 406 0.7 0.7
brick 6471 406 0.7 0.7
brick 6421 406 0.7 0.7
brick 6446 406 0.7 0.7
brick 6146 326 0.7 0.7
enemy 6875 579 1 1
enemy 6285 579 1 1
enemy 5870 579 1 1
enemy 5550 579 1 1
enemy 5085 579 1 1
enemy 4085 579 1 1
enemy 3450 579 1 1
enemy 2845 579 1 1
enemy 1905 579 1 1
