coin 474 456 0.1 0.1
coin 539 456 0.1 0.1
coin 649 456 0.1 0.1
coin 609 456 0.1 0.1
coin 719 456 0.1 0.1
coin 849 456 0.1 0.1
coin 1079 456 0.1 0.1
coin 944 456 0.1 0.1
coin 774 456 0.1 0.1
coin 1004 456 0.1 0.1
coin 899 456 0.1 0.1
coin 1314 366 0.1 0.1
coin 1514 191 0.1 0.1
coin 1699 86 0.1 0.1
coin 1764 86 0.1 0.1
coin 1799 86 0.1 0.1
coin 1859 86 0.1 0.1
coin 1904 86 0.1 0.1
coin 1969 86 0.1 0.1
coin 2019 86 0.1 0.1
coin 2079 86 0.1 0.1
coin 2234 206 0.1 0.1
coin 2334 371 0.1 0.1
coin 2454 461 0.1 0.1
coin 2519 461 0.1 0.1
coin 2584 461 0.1 0.1
coin 2624 461 0.1 0.1
coin 2694 461 0.1 0.1
coin 2744 461 0.1 0.1
coin 2794 461 0.1 0.1
coin 2844 461 0.1 0.1
coin 2879 461 0.1 0.1
coin 2924 461 0.1 0.1
coin 2974 461 0.1 0.1
coin 3039 461 0.1 0.1
coin 3104 461 0.1 0.1
coin 3174 461 0.1 0.1
coin 3214 461 0.1 0.1
coin 3289 461 0.1 0.1
coin 3519 336 0.1 0.1
coin 3709 201 0.1 0.1
coin 3869 66 0.1 0.1
coin 3924 66 0.1 0.1
coin 3984 66 0.1 0.1
coin 4044 66 0.1 0.1
coin 4089 66 0.1 0.1
coin 4149 66 0.1 0.1
coin 4229 66 0.1 0.1
coin 4370 225 0.1 0.1
coin 4516 359 0.1 0.1
coin 4670 448 0.1 0.1
coin 4760 447 0.1 0.1
coin 4820 447 0.1 0.1
coin 4905 447 0.1 0.1
coin 4990 447 0.1 0.1
coin 5035 447 0.1 0.1
coin 5095 447 0.1 0.1
coin 5155 447 0.1 0.1
coin 5205 447 0.1 0.1
coin 5250 447 0.1 0.1
coin 5295 447 0.1 0.1
coin 5345 447 0.1 0.1
coin 5560 372 0.1 0.1
coin 5745 242 0.1 0.1
coin 5924 109 0.1 0.1
coin 5987 109 0.1 0.1
coin 6037 109 0.1 0.1
coin 6107 109 0.1 0.1
coin 6162 109 0.1 0.1
coin 6222 109 0.1 0.1
coin 6277 109 0.1 0.1
coin 6352 109 0.1 0.1
coin 6582 229 0.1 0.1
coin 6712 339 0.1 0.1
coin 6839 454 0.1 0.1
coin 6889 454 0.1 0.1
coin 6954 454 0.1 0.1
coin 7004 454 0.1 0.1
coin 7049 454 0.1 0.1
coin 7099 454 0.1 0.1
coin 7154 454 0.1 0.1
coin 7234 454 0.1 0.1
coin 7299 454 0.1 0.1
coin 7349 454 0.1 0.1
coin 7419 454 0.1 0.1
coin 7494 454 0.1 0.1
coin 7544 454 0.1 0.1
coin 7219 454 0.1 0.1
coin 7184 454 0.1 0.1
brick 453 509 0.7 0.7
brick 480 509 0.7 0.7
brick 525 509 0.7 0.7
brick 495 509 0.7 0.7
brick 545 509 0.7 0.7
brick 555 509 0.7 0.7
brick 600 509 0.7 0.7
brick 580 509 0.7 0.7
brick 640 509 0.7 0.7
brick 610 509 0.7 0.7
brick 660 509 0.7 0.7
brick 680 509 0.7 0.7
brick 720 509 0.7 0.7
brick 710 509 0.7 0.7
brick 735 509 0.7 0.7
brick 770 509 0.7 0.7
brick 800 509 0.7 0.7
brick 840 509 0.7 0.7
brick 815 509 0.7 0.7
brick 855 509 0.7 0.7
brick 875 509 0.7 0.7
brick 905 509 0.7 0.7
brick 930 509 0.7 0.7
brick 960 509 0.7 0.7
brick 975 509 0.7 0.7
brick 1006 509 0.7 0.7
brick 1036 509 0.7 0.7
brick 1066 509 0.7 0.7
brick 1106 509 0.7 0.7
brick 1081 509 0.7 0.7
brick 2461 509 0.7 0.7
brick 2496 509 0.7 0.7
brick 2521 509 0.7 0.7
brick 2551 509 0.7 0.7
brick 2581 509 0.7 0.7
brick 2616 509 0.7 0.7
brick 2646 509 0.7 0.7
brick 2681 509 0.7 0.7
brick 2711 509 0.7 0.7
brick 2741 509 0.7 0.7
brick 2771 509 0.7 0.7
brick 2806 509 0.7 0.7
brick 2841 509 0.7 0.7
brick 2886 509 0.7 0.7
brick 2851 509 0.7 0.7
brick 2936 509 0.7 0.7
brick 2906 509 0.7 0.7
brick 2971 509 0.7 0.7
brick 3006 509 0.7 0.7
brick 3042 510 0.7 0.7
brick 3027 510 0.7 0.7
brick 3077 510 0.7 0.7
brick 3112 510 0.7 0.7
brick 3147 510 0.7 0.7
brick 3192 510 0.7 0.7
brick 3157 510 0.7 0.7
brick 3222 510 0.7 0.7
brick 3262 510 0.7 0.7
brick 3232 510 0.7 0.7
brick 3297 510 0.7 0.7
brick 4662 510 0.7 0.7
brick 4697 510 0.7 0.7
brick 4737 510 0.7 0.7
brick 4727 510 0.7 0.7
brick 4757 510 0.7 0.7
brick 4792 510 0.7 0.7
brick 4827 510 0.7 0.7
brick 4862 510 0.7 0.7
brick 4917 510 0.7 0.7
brick 4887 510 0.7 0.7
brick 4942 510 0.7 0.7
brick 4977 510 0.7 0.7
brick 5012 510 0.7 0.7
brick 5058 510 0.7 0.7
brick 5033 510 0.7 0.7
brick 5078 510 0.7 0.7
brick 5108 510 0.7 0.7
brick 5153 510 0.7 0.7
brick 5128 510 0.7 0.7
brick 5193 510 0.7 0.7
brick 5178 510 0.7 0.7
brick 5228 510 0.7 0.7
brick 5288 510 0.7 0.7
brick 5243 510 0.7 0.7
brick 5263 510 0.7 0.7
brick 5308 510 0.7 0.7
brick 5348 510 0.7 0.7
brick 5323 510 0.7 0.7
brick 7563 510 0.7 0.7
brick 7523 510 0.7 0.7
brick 7528 510 0.7 0.7
brick 7498 510 0.7 0.7
brick 7448 510 0.7 0.7
brick 7443 510 0.7 0.7
brick 7483 510 0.7 0.7
brick 7403 510 0.7 0.7
brick 7428 510 0.7 0.7
brick 7368 510 0.7 0.7
brick 7353 510 0.7 0.7
brick 7328 510 0.7 0.7
brick 7283 510 0.7 0.7
brick 7283 510 0.7 0.7
brick 7313 510 0.7 0.7
brick 7243 510 0.7 0.7
brick 7218 510 0.7 0.7
brick 7278 510 0.7 0.7
brick 7188 510 0.7 0.7
brick 7158 510 0.7 0.7
brick 7128 510 0.7 0.7
brick 7098 510 0.7 0.7
brick 7068 510 0.7 0.7
brick 7033 510 0.7 0.7
brick 6993 510 0.7 0.7
brick 7028 510 0.7 0.7
brick 6958 510 0.7 0.7
brick 6928 510 0.7 0.7
brick 6888 510 0.7 0.7
brick 6838 510 0.7 0.7
brick 6868 510 0.7 0.7
brick 6898 510 0.7 0.7
brick 6709 414 0.7 0.7
brick 6580 297 0.7 0.7
brick 5552 422 0.7 0.7
brick 5751 300 0.7 0.7
brick 5929 176 0.7 0.7
brick 5969 176 0.7 0.7
brick 5949 176 0.7 0.7
brick 6009 176 0.7 0.7
brick 5984 176 0.7 0.7
brick 6039 176 0.7 0.7
brick 6064 176 0.7 0.7
brick 6094 176 0.7 0.7
brick 6124 176 0.7 0.7
brick 6159 176 0.7 0.7
brick 6199 176 0.7 0.7
brick 6194 176 0.7 0.7
brick 6239 176 0.7 0.7
brick 6219 176 0.7 0.7
brick 6269 176 0.7 0.7
brick 6294 176 0.7 0.7
brick 6349 176 0.7 0.7
brick 6319 176 0.7 0.7
brick 4518 427 0.7 0.7
brick 4368 280 0.7 0.7
brick 3507 408 0.7 0.7
brick 3710 260 0.7 0.7
brick 3944 125 0.7 0.7
brick 3946 125 0.7 0.7
brick 3901 125 0.7 0.7
brick 3881 125 0.7 0.7
brick 3856 125 0.7 0.7
brick 3906 125 0.7 0.7
brick 3936 125 0.7 0.7
brick 3976 125 0.7 0.7
brick 4021 125 0.7 0.7
brick 4001 125 0.7 0.7
brick 4051 125 0.7 0.7
brick 4086 125 0.7 0.7
brick 4141 125 0.7 0.7
brick 4151 125 0.7 0.7
brick 4151 125 0.7 0.7
brick 4116 125 0.7 0.7
brick 4181 125 0.7 0.7
brick 4211 125 0.7 0.7
brick 2344 420 0.7 0.7
brick 2239 265 0.7 0.7
brick 1317 423 0.7 0.7
brick 1512 258 0.7 0.7
brick 1694 146 0.7 0.7
brick 1714 146 0.7 0.7
brick 1754 146 0.7 0.7
brick 1734 146 0.7 0.7
brick 1779 146 0.7 0.7
brick 1804 146 0.7 0.7
brick 1834 146 0.7 0.7
brick 1874 146 0.7 0.7
brick 1844 146 0.7 0.7
brick 1904 146 0.7 0.7
brick 1944 146 0.7 0.7
brick 1919 146 0.7 0.7
brick 1979 146 0.7 0.7
brick 2009 146 0.7 0.7
brick 2039 146 0.7 0.7
brick 2064 146 0.7 0.7
brick 2099 146 0.7 0.7
enemy 7528 641 1 1
enemy 7263 641 1 1
enemy 6903 641 1 1
enemy 6503 641 1 1
enemy 5658 641 1 1
enemy 4343 641 1 1
enemy 3478 641 1 1
enemy 2163 641 1 1
enemy 1188 641 1 1
