coin 544 430 0.1 0.1
coin 614 430 0.1 0.1
coin 684 430 0.1 0.1
coin 754 430 0.1 0.1
coin 824 430 0.1 0.1
coin 899 430 0.1 0.1
coin 969 430 0.1 0.1
coin 1484 345 0.1 0.1
coin 1539 345 0.1 0.1
coin 1594 345 0.1 0.1
coin 1644 345 0.1 0.1
coin 1709 345 0.1 0.1
coin 1764 345 0.1 0.1
coin 1819 345 0.1 0.1
coin 1879 345 0.1 0.1
coin 1934 345 0.1 0.1
coin 2976 381 0.1 0.1
coin 3041 381 0.1 0.1
coin 3101 381 0.1 0.1
coin 3166 381 0.1 0.1
coin 3226 381 0.1 0.1
coin 3301 381 0.1 0.1
coin 3371 381 0.1 0.1
coin 3441 381 0.1 0.1
coin 3886 331 0.1 0.1
coin 3941 331 0.1 0.1
coin 3986 331 0.1 0.1
coin 4031 331 0.1 0.1
coin 4101 331 0.1 0.1
coin 4161 331 0.1 0.1
coin 4216 331 0.1 0.1
coin 4296 331 0.1 0.1
coin 4551 266 0.1 0.1
coin 4611 266 0.1 0.1
coin 4666 266 0.1 0.1
coin 4706 266 0.1 0.1
coin 4771 266 0.1 0.1
coin 4826 266 0.1 0.1
coin 5505 408 0.1 0.1
coin 5565 408 0.1 0.1
coin 5620 408 0.1 0.1
coin 5670 408 0.1 0.1
coin 5735 408 0.1 0.1
coin 5785 408 0.1 0.1
coin 5855 408 0.1 0.1
coin 5910 408 0.1 0.1
coin 6210 328 0.1 0.1
coin 6270 328 0.1 0.1
coin 6330 328 0.1 0.1
coin 6375 328 0.1 0.1
coin 6440 328 0.1 0.1
coin 6495 328 0.1 0.1
coin 6550 328 0.1 0.1
coin 6605 328 0.1 0.1
coin 6675 328 0.1 0.1
coin 6857 201 0.1 0.1
coin 6912 201 0.1 0.1
coin 6972 201 0.1 0.1
coin 7022 201 0.1 0.1
coin 7072 201 0.1 0.1
coin 7127 201 0.1 0.1
coin 7182 201 0.1 0.1
coin 7242 201 0.1 0.1
coin 498 433 0.1 0.1
coin 5461 412 0.1 0.1
coin 5175 305 0.1 0.1
coin 2206 125 0.1 0.1
coin 2271 125 0.1 0.1
coin 2336 125 0.1 0.1
coin 2411 125 0.1 0.1
coin 2481 125 0.1 0.1
coin 2556 125 0.1 0.1
coin 2641 125 0.1 0.1
coin 1174 322 0.1 0.1
coin 2807 282 0.1 0.1
brick 1487 399 0.7 0.7
brick 1537 399 0.7 0.7
brick 1582 399 0.7 0.7
brick 1612 399 0.7 0.7
brick 1537 399 0.7 0.7
brick 1527 399 0.7 0.7
brick 1652 399 0.7 0.7
brick 1697 399 0.7 0.7
brick 1742 399 0.7 0.7
brick 1777 399 0.7 0.7
brick 1812 399 0.7 0.7
brick 1852 399 0.7 0.7
brick 1892 399 0.7 0.7
brick 1942 399 0.7 0.7
brick 1922 399 0.7 0.7
brick 1982 399 0.7 0.7
brick 5462 464 0.7 0.7
brick 5492 464 0.7 0.7
brick 5587 464 0.7 0.7
brick 5627 464 0.7 0.7
brick 5667 464 0.7 0.7
brick 5702 464 0.7 0.7
brick 5747 464 0.7 0.7
brick 5787 464 0.7 0.7
brick 5832 464 0.7 0.7
brick 5882 464 0.7 0.7
brick 5942 464 0.7 0.7
brick 5872 464 0.7 0.7
brick 5927 464 0.7 0.7
brick 1446 399 0.7 0.7
brick 1476 399 0.7 0.7
brick 1536 399 0.7 0.7
brick 1506 399 0.7 0.7
brick 1561 399 0.7 0.7
brick 1636 399 0.7 0.7
brick 1696 399 0.7 0.7
brick 1666 399 0.7 0.7
brick 1721 399 0.7 0.7
brick 1831 399 0.7 0.7
brick 1881 399 0.7 0.7
brick 1966 399 0.7 0.7
brick 5525 464 0.7 0.7
brick 5555 464 0.7 0.7
brick 5620 464 0.7 0.7
brick 5655 464 0.7 0.7
brick 5690 464 0.7 0.7
brick 5725 464 0.7 0.7
brick 5770 464 0.7 0.7
brick 5810 464 0.7 0.7
brick 5845 464 0.7 0.7
brick 5885 464 0.7 0.7
brick 5925 464 0.7 0.7
brick 5890 464 0.7 0.7
brick 478 489 0.7 0.7
brick 502 489 0.7 0.7
brick 532 489 0.7 0.7
brick 577 489 0.7 0.7
brick 557 489 0.7 0.7
brick 597 489 0.7 0.7
brick 617 489 0.7 0.7
brick 642 489 0.7 0.7
brick 667 489 0.7 0.7
brick 697 489 0.7 0.7
brick 732 489 0.7 0.7
brick 747 489 0.7 0.7
brick 777 489 0.7 0.7
brick 822 489 0.7 0.7
brick 797 489 0.7 0.7
brick 847 489 0.7 0.7
brick 882 489 0.7 0.7
brick 912 489 0.7 0.7
brick 947 489 0.7 0.7
brick 977 489 0.7 0.7
brick 1017 489 0.7 0.7
brick 1007 489 0.7 0.7
brick 2943 443 0.7 0.7
brick 2953 443 0.7 0.7
brick 2973 443 0.7 0.7
brick 3003 443 0.7 0.7
brick 3023 443 0.7 0.7
brick 3053 443 0.7 0.7
brick 3078 443 0.7 0.7
brick 3113 443 0.7 0.7
brick 3148 443 0.7 0.7
brick 3168 443 0.7 0.7
brick 3198 443 0.7 0.7
brick 3233 443 0.7 0.7
brick 3263 443 0.7 0.7
brick 3293 443 0.7 0.7
brick 3338 443 0.7 0.7
brick 3328 443 0.7 0.7
brick 3358 443 0.7 0.7
brick 3388 443 0.7 0.7
brick 3403 443 0.7 0.7
brick 3434 443 0.7 0.7
brick 3454 442 0.7 0.7
brick 3840 397 0.7 0.7
brick 3875 397 0.7 0.7
brick 3880 397 0.7 0.7
brick 3915 397 0.7 0.7
brick 3950 397 0.7 0.7
brick 3985 397 0.7 0.7
brick 4020 397 0.7 0.7
brick 4050 397 0.7 0.7
brick 4080 397 0.7 0.7
brick 4110 397 0.7 0.7
brick 4135 397 0.7 0.7
brick 4165 397 0.7 0.7
brick 4200 397 0.7 0.7
brick 4235 397 0.7 0.7
brick 4270 397 0.7 0.7
brick 4310 397 0.7 0.7
brick 4300 397 0.7 0.7
brick 4340 397 0.7 0.7
brick 4540 323 0.7 0.7
brick 4565 323 0.7 0.7
brick 4595 323 0.7 0.7
brick 4630 323 0.7 0.7
brick 4660 323 0.7 0.7
brick 4690 323 0.7 0.7
brick 4725 323 0.7 0.7
brick 4750 323 0.7 0.7
brick 4780 323 0.7 0.7
brick 4810 323 0.7 0.7
brick 4845 323 0.7 0.7
brick 4865 323 0.7 0.7
brick 6208 392 0.7 0.7
brick 6243 392 0.7 0.7
brick 6273 392 0.7 0.7
brick 6303 392 0.7 0.7
brick 6328 392 0.7 0.7
brick 6353 392 0.7 0.7
brick 6383 392 0.7 0.7
brick 6418 392 0.7 0.7
brick 6438 392 0.7 0.7
brick 6463 392 0.7 0.7
brick 6488 392 0.7 0.7
brick 6523 392 0.7 0.7
brick 6558 392 0.7 0.7
brick 6588 392 0.7 0.7
brick 6623 392 0.7 0.7
brick 6653 392 0.7 0.7
brick 6698 392 0.7 0.7
brick 6671 392 0.7 0.7
brick 6830 261 0.7 0.7
brick 6865 261 0.7 0.7
brick 6900 261 0.7 0.7
brick 6930 261 0.7 0.7
brick 6965 261 0.7 0.7
brick 6990 261 0.7 0.7
brick 7015 261 0.7 0.7
brick 7040 261 0.7 0.7
brick 7065 261 0.7 0.7
brick 7090 261 0.7 0.7
brick 7125 261 0.7 0.7
brick 7135 261 0.7 0.7
brick 7165 261 0.7 0.7
brick 7195 261 0.7 0.7
brick 7225 261 0.7 0.7
brick 7260 261 0.7 0.7
brick 7290 261 0.7 0.7
brick 2175 190 0.7 0.7
brick 2210 190 0.7 0.7
brick 2230 190 0.7 0.7
brick 2270 190 0.7 0.7
brick 2260 190 0.7 0.7
brick 2305 190 0.7 0.7
brick 2340 190 0.7 0.7
brick 2365 190 0.7 0.7
brick 2405 190 0.7 0.7
brick 2405 190 0.7 0.7
brick 2380 190 0.7 0.7
brick 2430 190 0.7 0.7
brick 2470 190 0.7 0.7
brick 2450 190 0.7 0.7
brick 2495 190 0.7 0.7
brick 2520 190 0.7 0.7
brick 2555 190 0.7 0.7
brick 2590 190 0.7 0.7
brick 2630 190 0.7 0.7
brick 2610 190 0.7 0.7
brick 2655 190 0.7 0.7
brick 2685 190 0.7 0.7
brick 1163 381 0.7 0.7
brick 1198 381 0.7 0.7
brick 2075 288 0.7 0.7
enemy 2015 604 1 1
enemy 5341 604 1 1
enemy 7206 604 1 1
